1 0.5295238095238095 0.4327100840336135 0.48280112044817924 0.3701260504201681
0 0.500382719724712 0.21264043711217603 0.08882533486237498 0.06351011442659807
0 0.5450914716054407 0.269488651424096 0.09770786834861234 0.05818059433485558
0 0.5812137744494733 0.3292236891190431 0.10481389513760242 0.07194852123852367
0 0.6229616818347895 0.40339284372912615 0.10895907743117995 0.07638978798164253
0 0.5320637558256258 0.428930127502059 0.10362955733943742 0.07861042135320183
0 0.49120410178893337 0.3658641397497728 0.10718257073393239 0.0723926479128356
0 0.4559700522935246 0.30279815199748655 0.09356268605503487 0.06706312782109304
0 0.4118534693118784 0.23839978422226474 0.09415485495411736 0.07150439456421179
5 0.2554785821755927 0.5942822027305842 0.10659040183484994 0.0881908681847866
5 0.4411658298164622 0.6225159698832675 0.10574444626473202 0.08248066808649099
